var one_marble_cube_text = `
<Generate definition>
:Size = 50 50 50 
:LimitsX = 23 27 23 26 23 26 
:LimitsY = 23 27 23 26 23 26 
:LimitsZ = 23 27 23 26 23 26 
:YZ pages data = 
0 0 0 
0 0 0 
0 0 0 

0 0 0 
0 1 0 
0 0 0 

0 0 0 
0 1 0 
0 0 0 

0 0 0 
0 0 0 
0 0 0 

:XZ pages data = 
0 0 0 
0 0 0 
0 0 0 

0 0 0 
0 1 0 
0 0 0 

0 0 0 
0 1 0 
0 0 0 

0 0 0 
0 0 0 
0 0 0 

:XY pages data = 
0 0 0 
0 0 0 
0 0 0 

0 0 0 
0 2 0 
0 0 0 

0 0 0 
0 1 0 
0 0 0 

0 0 0 
0 0 0 
0 0 0 


<Shape Definition>
:FaceNum = 6 
:SideNum = 12 
:CornerNum = 8 
:Size = 9 9 9 
:Rotate First = 0 

:Faces = 
2 0 0 0 
0 4 0 0 
1 0 4 0 
2 0 0 4 
0 0 0 0 
1 0 0 0 

:Sides = 
3 4 4 0 2 1 
2 4 0 4 3 1 
3 4 0 0 1 5 
2 4 0 0 1 0 
1 0 4 4 3 2 
3 0 4 0 2 4 
1 0 4 0 2 0 
2 0 0 4 3 4 
1 0 0 4 3 5 
3 0 0 0 5 4 
2 0 0 0 0 4 
1 0 0 0 0 5 

:Corners = 
4 4 4 3 2 1 -1 -1 -1 
4 4 0 0 2 1 -1 -1 -1 
4 0 4 3 5 1 -1 -1 -1 
4 0 0 0 5 1 -1 -1 -1 
0 4 4 3 2 4 -1 -1 -1 
0 4 0 0 2 4 -1 -1 -1 
0 0 4 3 5 4 -1 -1 -1 
0 0 0 0 5 4 -1 -1 -1 

<Solutions>
:vector size = 6 
:count = 10 
:s#0 = 
;sc = 2 5 8 10 6 1 
;rt = 1 6 1 2 2 4 
;symm = 0 
;numpic = 13 
;grp = 12 13 13 14 14 14 15 15 15 16 16 17 17 
;pic = 4 3 4 2 3 4 2 3 4 2 3 3 4 

:s#1 = 
;sc = 2 5 1 10 6 8 
;rt = 1 1 1 5 5 4 
;symm = 0 
;numpic = 13 
;grp = 12 13 13 14 14 14 15 15 15 16 16 17 17 
;pic = 4 3 4 2 3 4 2 3 4 2 3 3 4 

:s#2 = 
;sc = 6 2 1 5 10 8 
;rt = 0 6 5 4 5 2 
;symm = 0 
;numpic = 13 
;grp = 12 13 13 14 14 14 15 15 15 16 16 17 17 
;pic = 4 3 4 2 3 4 2 3 4 2 3 3 4 

:s#3 = 
;sc = 6 2 1 5 10 8 
;rt = 0 1 2 4 5 5 
;symm = 0 
;numpic = 13 
;grp = 12 13 13 14 14 14 15 15 15 16 16 17 17 
;pic = 4 3 4 2 3 4 2 3 4 2 3 3 4 

:s#4 = 
;sc = 8 6 10 1 5 2 
;rt = 1 3 0 4 7 4 
;symm = 0 
;numpic = 13 
;grp = 12 13 13 14 14 14 15 15 15 16 16 17 17 
;pic = 4 3 4 2 3 4 2 3 4 2 3 3 4 

:s#5 = 
;sc = 7 13 14 10 6 4 
;rt = 2 6 6 7 5 1 
;symm = 0 
;numpic = 15 
;grp = 12 13 14 14 14 15 15 15 16 16 16 17 17 17 17 
;pic = 4 4 0 3 4 1 2 4 1 2 3 1 3 4 5 

:s#6 = 
;sc = 7 13 4 10 6 14 
;rt = 5 1 1 0 2 6 
;symm = 0 
;numpic = 15 
;grp = 12 13 14 14 14 15 15 15 16 16 16 17 17 17 17 
;pic = 4 4 0 3 4 1 2 4 1 2 3 1 3 4 5 

:s#7 = 
;sc = 6 10 14 13 7 4 
;rt = 5 7 2 6 2 7 
;symm = 0 
;numpic = 15 
;grp = 12 13 14 14 14 15 15 15 16 16 16 17 17 17 17 
;pic = 4 4 0 3 4 1 2 4 1 2 3 1 3 4 5 

:s#8 = 
;sc = 6 7 4 13 10 14 
;rt = 7 5 2 4 0 7 
;symm = 0 
;numpic = 15 
;grp = 12 13 14 14 14 15 15 15 16 16 16 17 17 17 17 
;pic = 4 4 0 3 4 1 2 4 1 2 3 1 3 4 5 

:s#9 = 
;sc = 13 10 14 6 7 4 
;rt = 6 2 5 5 7 0 
;symm = 0 
;numpic = 15 
;grp = 12 13 14 14 14 15 15 15 16 16 16 17 17 17 17 
;pic = 4 4 0 3 4 1 2 4 1 2 3 1 3 4 5 
`
